github.com/AlDanial/cloc v 2.06  T=3.03 s (1821.8 files/s, 228353.9 lines/s)
-------------------------------------------------------------------------------
Language                     files          blank        comment           code
-------------------------------------------------------------------------------
C                             3055          41177          55884         155484
D                              210              0              0          97249
Markdown                       156          10729              7          70089
C++                            359          14518          20861          68701
C/C++ Header                   532          10853          14699          55558
JSON                            22              5              0          17074
XML                            202            492              0          12410
Assembly                       668           2165           4528          11142
Text                             6             92              0          10077
YAML                            10             60             22           4689
Bourne Shell                   223           1319           1843           4041
CMake                           17            188            162           1509
HTML                             4            373              3           1127
make                            31            389            142           1019
Python                           5            110             60            421
reStructuredText                13            129             86            278
DOS Batch                        2              1              0            139
Expect                           1              1             19            118
Bazel                            1             35              2            108
Perl                             2             17             15             98
Linker Script                    2             13              8             38
Lua                              1              4              5             10
Dockerfile                       1              5              6              7
Fortran 77                       1              1              0              7
-------------------------------------------------------------------------------
SUM:                          5524          82676          98352         511393
-------------------------------------------------------------------------------
