───────────────────────────────────────────────────────────────────────────────
Language            Files       Lines    Blanks  Comments       Code Complexity
───────────────────────────────────────────────────────────────────────────────
C                   3,134     258,695    38,318    61,471    158,906     34,193
Assembly              702      17,985     2,092     1,307     14,586        149
C++                   369     103,160    14,109    20,327     68,724     15,083
C Header              363      53,452     6,522     7,520     39,410      1,929
Shell                 224       7,637     1,412     2,189      4,036        515
C++ Header            218      31,478     4,849     8,812     17,817      1,086
XML                   204      12,978       492         0     12,486          0
Markdown              156      80,825    10,729         0     70,096          0
Makefile               42       1,715       433       197      1,085         29
Autoconf               21       2,414       438       240      1,736        336
License                19       5,999       953         0      5,046          0
ReStructuredTe…        13         493       129         0        364          0
YAML                    7         250        32        13        205          0
Python                  5         591        70        51        470         78
HTML                    4       1,503       373         3      1,127          0
JSON                    4      14,263         5         0     14,258          0
Plain Text              4       9,673         3         0      9,670          0
CMake                   3         372        43        60        269         12
Batch                   2         140         1         0        139         51
Perl                    2         130        17        17         96         32
Dockerfile              1          18         5         6          7          4
Expect                  1         138         1        19        118          2
Lua                     1          19         4         5         10          0
───────────────────────────────────────────────────────────────────────────────
Total               5,499     603,928    81,030   102,237    420,661     53,499
───────────────────────────────────────────────────────────────────────────────
Estimated Cost to Develop (organic) $15,371,781
Estimated Schedule Effort (organic) 38.85 months
Estimated People Required (organic) 35.15
───────────────────────────────────────────────────────────────────────────────
Processed 20079234 bytes, 20.079 megabytes (SI)
───────────────────────────────────────────────────────────────────────────────
